418
663
35
222
649
121
671
314
558
373
535
559
615
144
76
378
432
698
310
588
344
291
596
201
176
511
2
595
545
200
585
125
370
321
183
159
551
165
215
489
43
387
303
359
320
701
678
141
131
78
259
518
632
334
255
622
346
441
61
261
526
177
148
630
668
283
650
567
708
167
403
474
153
563
584
685
529
305
50
180
92
257
282
11
574
137
431
124
9
104
356
85
323
190
524
155
677
252
388
166
470
229
127
21
580
634
693
24
707
325
306
657
289
138
173
244
566
100
607
102
681
665
103
274
641
625
187
270
75
519
216
170
637
629
479
169
8
281
493
347
279
211
449
421
670
58
394
684
286
171
483
547
442
662
709
313
589
203
156
30
266
202
17
598
32
652
544
621
107
339
664
128
561
218
682
278
587
99
531
694
562
382
430
617
280
478
63
618
5
315
604
514
307
506
311
623
653
375
521
247
614
456
635
294
20
508
363
523
95
324
0
502
435
268
390
505
509
462
3
399
322
437
10
16
443
396
575
383
499
120
555
695
146
39
152
455
253
31
419
525
647
371
108
424
675
402
309
332
263
669
381
112
530
196
223
407
79
633
416
292
386
271
648
168
175
98
472
661
429
475
54
473
532
393
444
450
428
302
459
527
197
357
687
226
520
73
22
248
150
251
603
369
542
642
445
276
672
534
71
34
299
548
68
23
608
522
569
368
195
115
705
240
391
425
468
220
328
298
185
256
142
284
293
33
231
81
254
481
405
236
19
581
106
640
500
74
658
497
338
194
507
52
285
57
376
27
70
178
426
151
377
72
351
686
592
626
451
583
447
433
536
611
482
6
246
135
549
340
579
352
610
162
97
655
452
111
680
217
204
379
228
89
208
564
260
673
206
67
438
491
330
113
1
412
609
242
205
243
212
290
88
86
401
38
690
631
12
541
495
129
140
29
295
110
91
132
628
42
639
40
60
329
362
513
235
134
546
666
568
711
258
126
398
454
397
573
84
188
620
345
53
599
273
406
537
59
301
464
181
316
586
448
697
239
83
116
366
350
679
234
160
82
343
487
327
602
172
241
496
582
48
676
710
484
380
645
304
277
360
163
80
644
161
439
333
353
466
90
538
69
186
703
624
395
453
193
516
415
149
157
501
114
51
434
77
245
494
287
692
230
44
191
591
358
7
691
490
26
331
643
348
109
300
18
458
213
565
192
267
199
571
460
436
404
182
590
118
264
503
411
164
364
660
174
515
667
638
613
463
712
408
25
512
232
683
269
105
471
594
384
365
14
335
420
317
319
37
528
227
372
440
214
577
337
207
619
46
533
467
414
540
486
492
552
62
702
94
696
154
367
119
476
601
485
288
600
700
336
117
209
265
198
688
550
189
66
326
361
616
55
392
308
539
570
342
145
87
510
221
636
296
457
689
47
410
130
179
422
560
553
93
409
554
224
651
674
28
123
349
13
488
